0 483561072
1 037652841
2 702364158
3 481502637
4 560417283
5 358021764
6 783154620
7 213654708
8 216038547
9 514826073
10 716842305
11 154603278
12 647052813
13 103865274
14 852463071
15 425067381
16 768240531
17 230158467
18 436820175
19 043285176
20 751680234
21 057368142
22 526140387
23 824360175
24 581340672
25 783512604
26 834705216
27 634052781
28 145302876
29 764012835
30 508267431
31 285130674
32 278603451
33 601243785
34 432507861
35 174286305
36 162835074
37 710482563
38 315748026
39 840527631
40 245781063
41 034157286
42 045723168
43 564378210
44 541308627
45 756208341
46 671238045
47 640513827
48 064725183
49 761485023
50 136570482
51 432078156
52 835462710
53 371405286
54 376802514
55 061753842
56 046128735
57 035684712
58 648230517
59 204361785
60 541780632
61 154683720
62 436705182
63 052837614
64 618523074
65 106572834
66 257048631
67 314276580
68 532417806
69 570348126
70 624370185
71 076548321
72 416023785
73 756432108
74 543761208
75 546823170
76 783164205
77 682317054
78 506327184
79 021753864
80 684035271
81 783420516
82 742086315
83 381245607
84 074825631
85 637285041
86 246310875
87 423876150
88 367015248
89 068132457
90 126470358
91 016428753
92 167084523
93 412073685
94 615270348
95 541026378
96 134682750
97 072351684
98 801527643
99 836217450
100 051278346
101 046718523
102 834671052
103 836014257
104 583714602
105 135046872
106 841072563
107 364178205
108 675408312
109 051376482
110 048763512
111 180524367
112 028145376
113 360471285
114 027185346
115 243510876
116 435670821
117 580732461
118 381654207
119 348617025
120 467502318
121 354708162
122 034861257
123 853472610
124 782143056
125 375810246
126 041657238
127 103645782
128 532780164
129 365407182
130 643078512
131 835271460
132 628750341
133 452830167
134 874635102
135 103675284
136 521063487
137 837254016
138 720543618
139 815270364
140 018732564
141 452716830
142 785302416
143 138567024
144 785460231
145 157032684
146 258604137
147 375206418
148 127063548
149 732680541
150 253804167
151 267148035
152 347065182
153 873154026
154 843267510
155 418753602
156 420861357
157 548160372
158 437260158
159 867341502
160 316057842
161 072651834
162 685430127
163 460738125
164 580267314
165 124537086
166 741256803
167 452137608
168 457631820
169 826537104
170 043651278
171 584376102
172 374852106
173 652871403
174 540187362
175 635104728
176 271056483
177 620358471
178 357124086
179 435618702
180 673504821
181 437285160
182 186034572
183 354820716
184 054281673
185 354086721
186 462570381
187 687310245
188 756213804
189 027381465
190 860271543
191 035176824
192 785023461
193 835470216
194 083651472
195 174862035
196 840362715
197 735481026
198 086573241
199 120354687
200 645780213
201 310854726
202 674538012
203 827064153
204 721634058
205 564823710
206 108324576
207 036412578
208 205834761
209 538462170
210 376240851
211 816524730
212 720583641
213 025461783
214 410362785
215 135760824
216 583024671
217 316540278
218 632148057
219 071238546
220 245861073
221 042867315
222 732410568
223 685217304
224 102873546
225 384701625
226 143628705
227 634812705
228 482163057
229 704861523
230 086475231
231 510783426
232 207561834
233 657328014
234 825160374
235 320518674
236 735281064
237 172530864
238 482167035
239 258403671
240 530721486
241 536841720
242 678231504
243 648073521
244 214608537
245 183074256
246 802713465
247 410263875
248 753261840
249 321468570
250 370421685
251 324806571
252 410526837
253 125346708
254 680173452
255 534617820
256 038247165
257 861372405
258 314860752
259 615247380
260 104236758
261 530217864
262 465083271
263 437658012
264 734165082
265 580642137
266 463527081
267 038617254
268 823175640
269 243816075
270 701356284
271 851607432
272 170463528
273 107356824
274 840621375
275 078265341
276 017348256
277 784160235
278 125086347
279 548372106
280 176023485
281 387510246
282 862504713
283 843520176
284 815073426
285 014562837
286 342157608
287 248703516
288 257810634
289 578403216
290 518024367
291 603724185
292 318674025
293 570182364
294 432801567
295 071625348
296 703416258
297 568324710
298 263014578
299 182340567
300 724068153
301 572038146
302 725843601
303 406718235
304 681073524
305 064238751
306 450762138
307 421678035
308 760425183
309 124763058
310 250481367
311 184360752
312 108734526
313 251630847
314 563728014
315 621508437
316 314720685
317 461075382
318 052713486
319 614587230
320 123478056
321 432780561
322 261357840
323 841237560
324 650741823
325 307846521
326 305786124
327 026147835
328 067521384
329 562718340
330 026374815
331 752813640
332 540613728
333 034127685
334 754260381
335 218345670
336 235480167
337 743062185
338 756348120
339 034785261
340 138257064
341 517642830
342 107645283
343 236841570
344 084521736
345 865432017
346 061473285
347 016574823
348 523187640
349 430281756
350 356724081
351 257048316
352 186750432
353 568143207
354 230617485
355 103476528
356 521738460
357 514076328
358 784526310
359 251084376
360 854106372
361 546730182
362 865321074
363 580142367
364 706531284
365 643108527
366 683720451
367 768452301
368 184230756
369 462371805
370 361480257
371 128075643
372 018275346
373 327184056
374 702413658
375 281637045
376 612385704
377 752306814
378 321750864
379 820137465
380 781524306
381 125073648
382 325104687
383 760281534
384 138247056
385 738620451
386 084375126
387 640281537
388 263145078
389 418302765
390 231467058
391 875423160
392 037162458
393 471062385
394 530826714
395 815240637
396 820675314
397 458672130
398 045273186
399 836720145
400 758342016
401 315284706
402 635081247
403 654238170
404 348127065
405 051267834
406 187056324
407 684123057
408 267514803
409 270318564
410 857410326
411 528017364
412 046538172
413 162850473
414 475108623
415 842370516
416 467215083
417 168523470
418 178506234
419 746815302
420 521670438
421 351207486
422 740162358
423 026537418
424 846125703
425 065874132
426 318542670
427 641723085
428 103857426
429 273645108
430 175026483
431 268150347
432 048726513
433 426105783
434 123065874
435 537042186
436 042781356
437 267408351
438 207683541
439 307615428
440 816734052
441 834250761
442 081653427
443 287360514
444 175630482
445 852130467
446 658172403
447 523876041
448 056713842
449 562310847
450 128756403
451 350867412
452 267014835
453 865741320
454 683217405
455 562378104
456 501263478
457 435081762
458 524806317
459 415062738
460 823467105
461 653427810
462 041256738
463 284173506
464 073861254
465 158370624
466 374102865
467 743516280
468 623405187
469 074156832
470 063247518
471 751840236
472 524107386
473 138756024
474 317025864
475 675483012
476 134056782
477 084573216
478 628071435
479 531670824
480 438510726
481 814075263
482 256380417
483 371286450
484 647285103
485 243765018
486 782364105
487 145208637
488 085714623
489 360851247
490 216403875
491 628105743
492 657342018
493 174258360
494 415762308
495 523841706
496 126370485
497 051823764
498 605482317
499 853062174
500 637024185
501 730816452
502 615087432
503 863205417
504 051468732
505 105278436
506 350872164
507 476182053
508 623740851
509 746153208
510 684072315
511 716520843
512 601732584
513 625410738
514 283451067
515 103857264
516 528367401
517 361084752
518 681750234
519 481052637
520 467205381
521 458321670
522 873450216
523 045618723
524 081257463
525 153826074
526 743651280
527 682031754
528 487652013
529 743128650
530 765218304
531 150486327
532 325781604
533 218475630
534 246583017
535 740615328
536 278160345
537 304562187
538 741583620
539 721064385
540 250176843
541 341560827
542 732065148
543 705163482
544 648705123
545 316207485
546 204815376
547 146572830
548 260715384
549 216380754
550 715642038
551 748352061
552 571263840
553 706483251
554 581342670
555 568320147
556 725136804
557 186425730
558 126840357
559 210478356
560 675184302
561 823045617
562 806421735
563 432781506
564 017348562
565 267143058
566 431507682
567 124386075
568 712645803
569 658417302
570 471635082
571 217685403
572 286153704
573 673584012
574 726014583
575 017325648
576 760183245
577 348507126
578 513286740
579 710648532
580 087314256
581 267548013
582 853127064
583 842607153
584 346508127
585 821465370
586 367245081
587 417036582
588 726310458
589 605781243
590 624183750
591 745302618
592 385761240
593 173856204
594 104783526
595 107248536
596 762513804
597 104562837
598 463178502
599 625471803
600 587236410
601 032587146
602 013258764
603 516287304
604 053861472
605 273058146
606 614078253
607 542061837
608 476038521
609 146725830
610 263480157
611 145273680
612 547623018
613 760245813
614 107254368
615 236517480
616 810263457
617 270485361
618 137846205
619 675180432
620 357804162
621 425607381
622 175648320
623 360274518
624 750861243
625 052613784
626 027364851
627 514078623
628 514328076
629 618374052
630 783450612
631 321784650
632 812537064
633 327106485
634 158307462
635 706183245
636 754601823
637 264815037
638 258017346
639 401736258
640 650742183
641 253074618
642 610754382
643 730245618
644 785264013
645 378140652
646 174850326
647 034562187
648 187203546
649 756841302
650 563148720
651 756208413
652 654027831
653 684350127
654 054128736
655 413786250
656 321845706
657 867012435
658 016358247
659 736821054
660 357280416
661 542086137
662 145368270
663 834750162
664 054238671
665 243760518
666 185673024
667 524617038
668 486305721
669 475108362
670 412085367
671 642710583
672 657432810
673 748561023
674 704586132
675 680421753
676 547032168
677 213087456
678 768024315
679 078645132
680 301564872
681 461023587
682 473528601
683 401725683
684 628347051
685 465320871
686 180462375
687 805274361
688 156234780
689 126845073
690 813604572
691 681072435
692 136425870
693 684207351
694 638427501
695 675218043
696 326850147
697 326548710
698 631470825
699 502384176
700 217683054
701 162734085
702 632087154
703 370826451
704 647502138
705 475138206
706 267548103
707 758243061
708 234508761
709 736045281
710 783140652
711 617480523
712 542371860
713 786423015
714 745016823
715 132567408
716 506741328
717 432758106
718 635148702
719 348571026
720 582760134
721 843702165
722 547023861
723 431750862
724 480537621
725 152670438
726 574130862
727 834270651
728 016824357
729 738024165
730 751384062
731 304658271
732 203567148
733 374861205
734 605482173
735 165204837
736 430685712
737 056428317
738 357264081
739 840265137
740 170364825
741 870354612
742 536281740
743 714803652
744 274851306
745 512743680
746 572314806
747 730865124
748 741625830
749 438026751
750 120685743
751 874603125
752 172604538
753 274035816
754 435826710
755 831064752
756 237145608
757 387062145
758 541362870
759 750631824
760 472835610
761 531084762
762 723485061
763 053674128
764 734652180
765 528043176
766 047513268
767 274031658
768 642085731
769 864320571
770 427580163
771 580274631
772 672015438
773 130462857
774 834256107
775 132086547
776 820534176
777 745603821
778 401576823
779 371854206
780 407526813
781 748052361
782 302174685
783 254083761
784 642803571
785 527480613
786 206784315
787 130462578
788 456107328
789 765413820
790 016742358
791 142806735
792 864730521
793 271580436
794 034865127
795 478015326
796 146230875
797 413867025
798 725384610
799 206873541
800 124385607
801 286475103
802 671258304
803 148237605
804 104532876
805 078416352
806 054368271
807 012634875
808 415386027
809 604325781
810 735248601
811 085674312
812 430756182
813 476580231
814 062347815
815 532087461
816 860215374
817 365801742
818 576120384
819 851703462
820 482057316
821 086321547
822 453620187
823 138576402
824 305186274
825 251780634
826 157436820
827 075381462
828 153768420
829 426570318
830 128346570
831 475381260
832 541738620
833 432760851
834 432706851
835 835206417
836 538041276
837 260785413
838 486021735
839 640125873
840 802435716
841 482601537
842 385164027
843 465021387
844 123586074
845 386715240
846 806154327
847 758304621
848 046821537
849 321678540
850 870514632
851 374268015
852 674518230
853 178506423
854 872630541
855 457631820
856 647351280
857 587316402
858 560143872
859 386472150
860 685304721
861 561728043
862 705814326
863 716520843
864 635178204
865 406531278
866 870435261
867 380712654
868 652107483
869 238674015
870 630145728
871 317604825
872 062317548
873 402657318
874 453186207
875 846732510
876 724680315
877 504786312
878 354281760
879 046712538
880 276804135
881 248351670
882 503721864
883 542031687
884 687402513
885 256170384
886 201734865
887 420136587
888 732684150
889 186347205
890 856241370
891 482735016
892 276018354
893 265107834
894 827461305
895 371204865
896 451087326
897 816270345
898 750146238
899 073845162
900 205367184
901 081462357
902 017423865
903 537420618
904 705364821
905 732815046
906 358401726
907 571428063
908 103574862
909 605417823
910 536012487
911 013654287
912 740582163
913 804612573
914 134267058
915 805673421
916 560741283
917 015843627
918 750248136
919 753146208
920 712804653
921 617340852
922 061574832
923 385062417
924 351028746
925 074321568
926 521760483
927 206317584
928 216745803
929 782341065
930 238750641
931 048275136
932 746123805
933 706248153
934 210835764
935 237581640
936 041328657
937 630471582
938 581724603
939 158327604
940 538642071
941 583160472
942 360825147
943 803215476
944 187432560
945 307541682
946 248367501
947 842037516
948 457310826
949 321860547
950 704163852
951 703468251
952 386501427
953 013462785
954 750168234
955 026384751
956 036185472
957 867134052
958 582307416
959 536128074
960 816435720
961 810462735
962 736502814
963 561203784
964 153864702
965 873425610
966 268403517
967 851762034
968 123870546
969 286031457
970 584360721
971 825734061
972 842360157
973 173485602
974 386027145
975 256847031
976 471635820
977 274386015
978 018534276
979 468502137
980 286371540
981 530146782
982 487013526
983 351728460
984 501628734
985 836274015
986 540683271
987 670281543
988 481253670
989 764352801
990 863720541
991 017826354
992 580263174
993 438017652
994 768413025
995 471235680
996 614087352
997 350876214
998 284703615
999 613452078

